t = 0.64;

